gravity : 1
link : 0
power : 0.500000
minrange : 100.000000
range : 30.000000
startspeed : 0.500000
avgweight : 5.000000
particlenum : 80
framenum : 30
tailnum : 8
texnum : 1
tex0 : lighta.tga